run	runtime_sec	n_obj_eval_total	n_local_search_calls	local_search_time_ratio_pct
1	34.850335300000005	12460	490	0.875704056712497
2	29.3857316	12332	458	0.5746077800560458
3	27.413271500000008	12460	490	0.6294914490595114
4	32.1774781	11508	252	0.38312822284222864
5	30.93170599999999	11696	299	0.38499040434307524
6	31.083138500000018	11500	250	0.34942546100998884
7	32.1149035	12460	490	0.7105588842888428
8	31.902057000000013	12460	490	0.5878379566556595
9	29.50863210000003	12344	461	0.6311719207063254
10	24.035755800000004	12460	490	0.677890478483714
11	23.903465400000016	11548	262	0.3622855454250431
12	29.60395349999999	12460	490	0.7608328394383996
13	44.52268529999998	12124	406	0.589614256714409
14	43.137105399999996	12400	475	0.5984940287617404
15	43.76984470000002	12052	388	0.5105350533725997
16	45.033892200000025	12460	490	0.6023283503802179
17	47.3598614	12460	490	0.6954011060523377
18	43.50628029999996	12460	490	0.672803094132895
19	43.489974200000006	12292	448	0.6317164014258058
20	44.1337317	12460	490	0.7246937607125932
